0 0 0 0
1 102 37 6
2 106 38 5
3 110 39 5
4 114 40 5
5 118 41 5
6 122 43 5
7 126 44 5
8 130 45 4
9 134 46 4
10 139 47 4
11 143 49 4
12 147 50 4
13 151 51 4
14 155 53 3
15 159 55 3
16 163 57 3
17 167 59 3
18 172 60 3
19 176 62 3
20 180 64 2
21 184 66 2
22 188 68 2
23 192 70 2
24 196 72 2
25 200 74 2
26 204 76 2
27 207 79 3
28 209 82 5
29 212 85 6
30 214 88 8
31 217 91 9
32 220 94 11
33 222 97 12
34 225 99 13
35 227 102 15
36 230 105 16
37 233 108 18
38 235 111 19
39 237 114 21
40 238 118 23
41 240 121 24
42 241 124 26
43 243 128 28
44 244 131 29
45 246 134 31
46 247 138 33
47 248 141 35
48 250 144 36
49 251 148 38
50 253 151 40
51 254 154 42
52 254 158 45
53 254 161 48
54 254 165 51
55 254 168 54
56 254 172 57
57 254 175 60
58 254 179 64
59 254 182 67
60 254 186 70
61 254 189 73
62 254 192 76
63 254 196 79
64 254 198 85
65 254 201 90
66 254 203 95
67 254 206 100
68 254 208 106
69 254 211 111
70 254 213 117
71 254 216 122
72 254 218 127
73 254 221 132
74 254 223 138
75 254 226 143
76 254 228 147
77 254 229 151
78 254 231 154
79 254 233 158
80 254 234 161
81 254 236 164
82 254 237 168
83 254 239 171
84 254 241 175
85 254 242 178
86 254 244 182
87 254 245 185
88 255 247 189
89 255 247 192
90 255 248 195
91 255 249 199
92 255 249 202
93 255 250 205
94 255 251 209
95 255 251 212
96 255 252 215
97 255 253 219
98 255 253 222
99 255 254 225
100 255 255 229
